# R script for Peak Model
#  -- generated by MACS
p <- c(0.11316806525313347,0.12597954433839387,0.13879102342365426,0.15800824205154484,0.17722546067943545,0.16014348856575492,0.15800824205154484,0.15587299553733477,0.15160250250891466,0.15587299553733477,0.1430615164520744,0.13879102342365426,0.1430615164520744,0.14519676296628445,0.14733200948049452,0.1494672559947046,0.15587299553733477,0.16441398159417506,0.17081972113680524,0.1729549676510153,0.1921721862789059,0.20284841884995622,0.19644267930732603,0.19644267930732603,0.18790169325048578,0.18149595370785557,0.17722546067943545,0.17081972113680524,0.1665492281083851,0.16441398159417506,0.16441398159417506,0.16014348856575492,0.15587299553733477,0.14733200948049452,0.14519676296628445,0.15800824205154484,0.1430615164520744,0.16014348856575492,0.162278735079965,0.16014348856575492,0.1494672559947046,0.14092626993786433,0.15160250250891466,0.15160250250891466,0.15587299553733477,0.1494672559947046,0.1494672559947046,0.13452053039523412,0.12597954433839387,0.1366557769094442,0.1366557769094442,0.1430615164520744,0.13452053039523412,0.1366557769094442,0.13879102342365426,0.1430615164520744,0.14733200948049452,0.13452053039523412,0.1366557769094442,0.12597954433839387,0.12597954433839387,0.12811479085260394,0.13879102342365426,0.1430615164520744,0.1430615164520744,0.14733200948049452,0.14733200948049452,0.15587299553733477,0.15373774902312473,0.15373774902312473,0.1494672559947046,0.14519676296628445,0.13879102342365426,0.1238442978241838,0.11957380479576367,0.11743855828155361,0.11316806525313347,0.1238442978241838,0.12597954433839387,0.12597954433839387,0.12811479085260394,0.12597954433839387,0.13238528388102405,0.1430615164520744,0.13452053039523412,0.130250037366814,0.13238528388102405,0.11743855828155361,0.11530331176734354,0.11316806525313347,0.11743855828155361,0.1238442978241838,0.11957380479576367,0.12170905130997374,0.130250037366814,0.1238442978241838,0.130250037366814,0.1366557769094442,0.13879102342365426,0.1366557769094442,0.13452053039523412,0.13238528388102405,0.12597954433839387,0.12811479085260394,0.12170905130997374,0.13879102342365426,0.130250037366814,0.130250037366814,0.13238528388102405,0.13879102342365426,0.13238528388102405,0.13238528388102405,0.13879102342365426,0.130250037366814,0.13452053039523412,0.12170905130997374,0.11957380479576367,0.11957380479576367,0.11957380479576367,0.11530331176734354,0.12170905130997374,0.12170905130997374,0.11957380479576367,0.1238442978241838,0.11743855828155361,0.11530331176734354,0.1238442978241838,0.11103281873892341,0.10462707919629322,0.09822133965366302,0.11316806525313347,0.11103281873892341,0.10889757222471334,0.10676232571050327,0.11316806525313347,0.11743855828155361,0.11743855828155361,0.12811479085260394,0.12811479085260394,0.13238528388102405,0.11316806525313347,0.11103281873892341,0.11743855828155361,0.11103281873892341,0.11530331176734354,0.10889757222471334,0.09822133965366302,0.09395084662524289,0.09608609313945295,0.10249183268208314,0.10889757222471334,0.10676232571050327,0.10035658616787307,0.11103281873892341,0.10462707919629322,0.10462707919629322,0.11316806525313347,0.11316806525313347,0.11103281873892341,0.10889757222471334,0.10462707919629322,0.10676232571050327,0.10249183268208314,0.09608609313945295,0.10889757222471334,0.11103281873892341,0.11530331176734354,0.11530331176734354,0.11743855828155361,0.11103281873892341,0.11957380479576367,0.1238442978241838,0.12811479085260394,0.14092626993786433,0.13452053039523412,0.130250037366814,0.11530331176734354,0.11103281873892341,0.10462707919629322,0.11530331176734354,0.10035658616787307,0.09181560011103282,0.09181560011103282,0.07686887451156237,0.07259838148314222,0.08327461405419255,0.09181560011103282,0.10676232571050327,0.10676232571050327,0.10249183268208314,0.11316806525313347,0.12811479085260394,0.12170905130997374,0.12597954433839387,0.11957380479576367,0.10676232571050327,0.10035658616787307,0.08754510708261269,0.09608609313945295,0.09181560011103282,0.08754510708261269,0.0811393675399825,0.0811393675399825,0.07900412102577242,0.07686887451156237,0.07900412102577242,0.08327461405419255,0.08968035359682275,0.08754510708261269,0.08327461405419255,0.0811393675399825,0.07900412102577242,0.08540986056840262,0.08968035359682275,0.09181560011103282,0.09608609313945295,0.09608609313945295,0.10462707919629322,0.09822133965366302,0.10462707919629322,0.11103281873892341,0.11316806525313347,0.11316806525313347,0.11530331176734354,0.11743855828155361,0.11530331176734354,0.11103281873892341,0.10462707919629322,0.10889757222471334,0.10889757222471334,0.10249183268208314,0.10035658616787307,0.09608609313945295,0.08540986056840262,0.08327461405419255,0.08327461405419255,0.08540986056840262,0.07900412102577242,0.07686887451156237,0.08327461405419255,0.0811393675399825,0.08327461405419255,0.09608609313945295,0.09608609313945295,0.10676232571050327,0.10889757222471334,0.11103281873892341,0.11530331176734354,0.11957380479576367,0.10462707919629322,0.10676232571050327,0.10462707919629322,0.08540986056840262,0.08968035359682275,0.08968035359682275,0.09608609313945295,0.08968035359682275,0.08327461405419255,0.0811393675399825,0.08327461405419255,0.0747336279973523,0.0683278884547221,0.07259838148314222,0.0683278884547221,0.06405739542630197,0.05551640936946171,0.06619264194051203,0.06619264194051203,0.0683278884547221,0.0683278884547221,0.07686887451156237,0.0811393675399825,0.08540986056840262,0.08754510708261269,0.08968035359682275,0.09181560011103282,0.08540986056840262,0.09608609313945295,0.08540986056840262,0.08968035359682275,0.08754510708261269,0.08754510708261269,0.08327461405419255,0.0811393675399825,0.0811393675399825,0.0811393675399825,0.07900412102577242,0.08327461405419255,0.08327461405419255,0.08327461405419255,0.08754510708261269,0.08754510708261269,0.08754510708261269,0.08968035359682275,0.0811393675399825,0.07259838148314222,0.07686887451156237,0.06619264194051203,0.0747336279973523,0.07686887451156237,0.0747336279973523,0.0747336279973523,0.08754510708261269,0.08968035359682275,0.08968035359682275,0.10462707919629322,0.10249183268208314,0.11103281873892341,0.10889757222471334,0.10462707919629322,0.09822133965366302,0.09395084662524289,0.08327461405419255,0.08540986056840262,0.09608609313945295,0.08327461405419255,0.0811393675399825,0.07900412102577242,0.07686887451156237,0.0811393675399825,0.08540986056840262,0.09608609313945295,0.09395084662524289,0.09181560011103282,0.08968035359682275,0.10035658616787307,0.09822133965366302,0.09181560011103282,0.10462707919629322,0.10035658616787307,0.10035658616787307,0.09822133965366302,0.10462707919629322,0.10462707919629322,0.10676232571050327,0.10889757222471334,0.11530331176734354,0.11316806525313347,0.10676232571050327,0.10462707919629322,0.10676232571050327,0.10249183268208314,0.10249183268208314,0.10462707919629322,0.09608609313945295,0.08968035359682275,0.08540986056840262,0.08754510708261269,0.09395084662524289,0.09608609313945295,0.10249183268208314,0.10462707919629322,0.10035658616787307,0.09395084662524289,0.10035658616787307,0.10249183268208314,0.10889757222471334,0.11530331176734354,0.11103281873892341,0.11957380479576367,0.10889757222471334,0.10676232571050327,0.11103281873892341,0.11103281873892341,0.10462707919629322,0.10889757222471334,0.10462707919629322,0.09395084662524289,0.09395084662524289,0.09395084662524289,0.09395084662524289,0.10035658616787307,0.10035658616787307,0.10889757222471334,0.11316806525313347,0.10676232571050327,0.10676232571050327,0.11530331176734354,0.10462707919629322,0.09822133965366302,0.11103281873892341,0.10462707919629322,0.10249183268208314,0.09395084662524289,0.08968035359682275,0.08540986056840262,0.08754510708261269,0.09395084662524289,0.09608609313945295,0.08968035359682275,0.09181560011103282,0.10249183268208314,0.11316806525313347,0.11316806525313347,0.12170905130997374,0.12597954433839387,0.12170905130997374,0.11316806525313347,0.11743855828155361,0.130250037366814,